y1 37.975025839 113.251654652 1336.640000 
y2 37.973040259 113.252715918 1320.640000 
y3 37.970857212 113.250650886 1295.940000 
y4 37.968843499 113.248282685 1279.900000 
y5 37.966469428 113.247432923 1251.340000 
y6 37.965197605 113.245630154 1208.600000 
y7 37.964492262 113.247603704 1202.340000 
y8 37.971057096 113.254050059 1332.840000 
y9 37.968781395 113.252116136 1289.960000 
y10 37.967777394 113.253969646 1254.560000 
y11 37.964617111 113.251299512 1206.940000 
y12 37.965715493 113.256754296 1257.200000 
y13 37.965128642 113.259456587 1274.250000 
y14 37.963097326 113.257099634 1281.650000 
y15 37.960953661 113.256882448 1290.070000 
y16 37.962077803 113.252588565 1281.010000 
y17 37.959720820 113.253481396 1279.720000 
y18 37.958694856 113.252104409 1282.130000 
y19 37.966119978 113.261280678 1281.320000 

